# id	file_path	transparent_color_r	g	b
[TEXTURES]
10	textures\selection.png	10	10	10
20	textures\hud.png	255	0	255
30	textures\blackBackground.png	10	10	10
40	textures\MarioRight.png	252	188	176
50	textures\blackBackground.png	0	0	0
60	textures\MapSelection.png	248	236	160
70	textures\misc.png	176	224	248
80	textures\hud.png	255	0	255
90	textures\blackBackground.png	10	10	10
150	textures\end-map.png	0	183	239
200	textures\end-map.png	0	183	239

# id	left	top	right	bottom	texture_id
[SPRITES]
 
# Background
90001	0	0	256	179	10


#Hub
20001	3	3	155	31	20
20002	3	33	11	40	20
20003	163	3	235	31	20

#Hub-backgroundblack
30001	10	10	600	70	30

#Mario
40001	69	17	85	33	40
40002	87	17	103	33	40

#Brick transparent
50001	0	0	0	0	50

#Cây
60001	1	17	17	32	60
60002	18	17	34	32	60
60003	35	17	51	32	60
60004	52	17	68	32	60

#Done map
70001	19	1	33	15	60

#Hub
190001	10	10	600	45	90

#Hub
1000001	3	3	155	31	80
1000002	3	33	11	40	80
1000003	163	3	235	31	80

#coin
1100001	303	99	313	115	70
1100002	322	99	330	115	70
1100003	341	99	347	115	70

#hud point
1200001	33	32	41	39	80
1200002	44	32	50	39	80
1200003	53	32	61	39	80
1200004	63	32	71	39	80
1200005	73	32	81	39	80
1200006	83	32	91	39	80
1200007	93	32	101	39	80
1200008	103	32	111	39	80
1200009	113	32	121	39	80
1200010	123	32	131	39	80

#Special
#Ngôi sao
2500001	258	350	274	366	150
2500002	297	373	313	389	150
2500003	479	407	489	423	150
2500010	258	350	274	366	200

#Bông Hoa
2500004	278	350	294	366	150
2500005	441	386	457	502	150
2500006	478	379	488	395	150
2500020	278	350	294	366	200
Nấm
2500007	298	350	314	366	150
2500008	257	373	273	389	150
2500009	477	353	487	368	150
2500030	298	350	314	366	200

# ani_id	sprite1_id	time1	sprite2_id	time2	...
[ANIMATIONS]

# ==== MARIO =========


#Background
90001	90001	100


#hud
20001	20001	100
20002	20002	100
20003	20003	100

#background-black
30001	30001	100

#Mario
40001	40001	150	40002	150

#Brick transparent
50001	50001	100

#Cây
60001	60001	200	60002	200	60003	200	60004	200

#Done map
70001	70001	100

#background-black
1901	190001	100

#hud
100001	1000001	100
100002	1000002	100
100003	1000003	100


#hud point
120001	1200001	100
120002	1200002	100
120003	1200003	100
120004	1200004	100
120005	1200005	100
120006	1200006	100
120007	1200007	100
120008	1200008	100
120009	1200009	100
120010	1200010	100

#Special
#ngôi sao
250001	2500001	100
250002	2500002	100
250003	2500010	100
250004	2500004	100
250005	2500005	100
250006	2500020	100
250007	2500007	100
250008	2500008	100
250009	2500030	100
#
# id	ani1	ani2	ani3
#
[ANIMATION_SETS]
#Background
90001	90001

#Hub
20001	20001
#Hub-speedfly-enable
20002	20002
#Hud-status
20003	20003

#Black-background
30001	30001

#Mario
40001	40001

#Brick transparent
50001	50001

#Cây
60001	60001

#Done Map 
70001	70001
#Black-background
191	1901

#Hub
10001	100001
#Hub-speedfly-enable
10002	100002
#Hud-status
10003	100003

#coin
11001	110001

#hud point
12001	120001	120002	120003	120004	120005	120006	120007	120008	120009	120010

#Special
25001	250001	250002	250003
25002	250004	250005	250006
25003	250007	250008	250009


[OBJECTS]
# type	x	y	ani_set_id	extra_settings per object type
# type: 0 = Ground , 1 = Brick, 2 = Goomba, 3 = Koopa,4= Mario Fire, 5 = Box 
#	7 = hudBackground, 8=hudSpeed, 9 = BackgroundMotion, 10 = BackgroundMotionTile
#	11 = BGLogoBlack, 12=BGLogoColor, 13 = BgNumber, 14= BgArrow, 15= MarioSwitchMap
# type: -1 = Background, -2 = Mario,

#background-black-hud
7	0	202	191
#background-black-hud
-1	0	170	30001
-1	0	0	30001
-1	0	50	30001
-1	0	100	30001
-1	0	150	30001
-1	0	200	30001

#Background
-1	25	5	90001

#Brick transparent
1	10	40	50001
1	28	7	60001
1	46	7	60001
1	62	7	60001
1	28	25	60001
1	46	25	60001
1	62	25	60001


1	28	60	60001
1	46	60	60001
1	62	60	60001
1	78	60	50001
1	28	78	60001
1	46	78	60001
1	62	78	60001
1	28	93	60001

1	103	25	60001
1	121	25	60001
1	137	25	60001
1	103	43	60001
1	121	43	60001
1	137	43	60001
1	103	60	60001
1	121	60	60001
1	137	60	60001

1	155	25	50001
1	175	25	60001
1	193	25	60001
1	211	25	60001

1	230	60	50001
1	246	7	60001
1	246	25	60001
1	246	43	60001
1	246	60	60001
1	246	78	50001
1	246	93	50001
1	246	111	50001
1	246	129	50001
1	246	147	50001
1	246	165	50001

1	264	7	60001
1	264	25	60001
1	264	43	60001
1	264	60	60001
1	264	78	60001
1	264	93	60001
1	264	111	60001
1	264	129	60001
1	264	147	60001
1	264	165	60001

1	175	60	60001
1	193	60	60001
1	211	60	60001
1	175	78	60001
1	193	78	60001

1	103	95	50001
1	121	95	60001
1	137	95	60001
1	153	95	60001
1	103	112	50001
1	103	131	50001

1	70	78	60001
1	70	95	60001
1	70	112	50001
1	70	131	50001
1	70	149	50001

1	155	95	50001
1	175	95	50001
1	193	95	50001
1	211	95	50001
1	230	95	50001

1	175	131	50001
1	193	131	50001
1	211	131	50001
1	230	131	50001

1	175	147	50001
1	193	147	50001
1	211	147	50001
1	230	147	50001

1	121	129	50001
1	137	129	50001
1	121	111	50001
1	137	111	50001

41	82	7	70001
41	191	43	70001

#Mario
15	45	40	40001
# HUD need init after init MARIO

#Hud
7	30	207	10001
#Hud-speed-fly-enable
8	82	214	10002
8	90	214	10002
8	98	214	10002
8	106	214	10002
8	112	214	10002
8	120	214	10002
#Hud-speed-status
7	190	207	10003
#Hud-point 
17	170	214	12001
17	162	214	12001
#Hud-time
28	170	222	12001
28	162	222	12001
28	154	222	12001
#Hud-Score
29	130	222	12001
29	122	222	12001
29	114	222	12001
29	106	222	12001
29	98	222	12001
29	90	222	12001
29	82	222	12001

40	82	82	12001
#gift
#32	194	193	999991
#38	218	193	999992
#39	242	193	999993

